%YAML:1.0

#common parameters
#support: 1 imu 1 cam; 1 imu 2 cam: 2 cam; 
imu: 1         
num_of_cam: 1  

imu_topic: "/senti_sensor_msg_IMU"
image0_topic: "/camera_array/fs_f/image_raw"
output_path: "~/output/"

cam0_calib: "cam_fs_f_pinhole.yaml"
image_width: 1224
image_height: 1024
   

# Extrinsic parameter between IMU and Camera.
estimate_extrinsic: 0   # 0  Have an accurate extrinsic parameters. We will trust the following imu^R_cam, imu^T_cam, don't change it.
                        # 1  Have an initial guess about extrinsic parameters. We will optimize around your initial guess.

body_T_cam0: !!opencv-matrix
   rows: 4
   cols: 4
   dt: d
# From vins-fusion   
#   data: [0.03503475, -0.01559081,  0.99926448,  4.57137389319,
#          0.99938084,  0.00378856, -0.03497972,  0.669574919504,
#          -0.00324041,  0.99987128,  0.01571388, -1.0800027235,
#          0.,          0.,          0.,          1.]
# From calculation         
#   data: [0.020546,   -0.0290658,   0.99936632,  4.60052947,
#          0.99968778, -0.01361963, -0.02094873,  0.59373312,
#          0.01421989,  0.99948471,  0.0287769,  -1.10329173,
#          0.,          0.,          0.,          1.]
# From calibration
   data: [0.0267076523, -0.0122573183,  0.999568136, 4.61255550,
         0.999641691, -0.00145911134, -0.0267275101, 0.680022881,
         0.0017860888,  0.999923812,  0.0122139570,-1.09317797,
         0.,  0.,  0., 1.]

#Multiple thread support
multiple_thread: 1

#feature traker paprameters
max_cnt: 150            # max feature number in feature tracking
min_dist: 30            # min distance between two features 
freq: 0                # frequence (Hz) of publish tracking result. At least 10Hz for good estimation. If set 0, the frequence will be same as raw image 
F_threshold: 1.0        # ransac threshold (pixel)
show_track: 1           # publish tracking image as topic
flow_back: 1            # perform forward and backward optical flow to improve feature tracking accuracy

#optimization parameters
max_solver_time: 0.04  # max solver itration time (ms), to guarantee real time
max_num_iterations: 8   # max solver itrations, to guarantee real time
keyframe_parallax: 10.0 # keyframe selection threshold (pixel)

#imu parameters       The more accurate parameters you provide, the better performance
acc_n: 0.0164774526162790697674418604651162790697674418604651162790697674          # accelerometer measurement noise standard deviation. #0.2   0.04
gyr_n: 0.0034500694516166978488372093023255813953488372093023255813953488          # gyroscope measurement noise standard deviation.     #0.05  0.004
acc_w: 0.00003138128         # accelerometer bias random work noise standard deviation.  #0.02
gyr_w: 0.00000387850944887629       # gyroscope bias random work noise standard deviation.     #4.0e-5
g_norm: 9.806550003085322     # gravity magnitude

#unsynchronization parameters
estimate_td: 0                      # online estimate time offset between camera and imu
td: 0.00513669522949                # initial value of time offset. unit: s. readed image clock + td = real image clock (IMU clock)

#loop closure parameters
load_previous_pose_graph: 0        # load and reuse previous pose graph; load from 'pose_graph_save_path'
pose_graph_save_path: "~/output/pose_graph/" # save and load path
save_image: 1                   # save image in pose graph for visualization prupose; you can close this function by setting 0 
