### HØYRE KAMERA TIL IMU

#det jeg har regnet ut
T_ic1: (cam1 to imu)
- [0.0267227679,  -0.0148977491,   0.999531863,    4.61797557],
- [0.999633268,   0.00478320137,  -0.02.66541807,  0.584774152],
- [-0.0043838671,   0.999877583,   0.0150201095,   -1.11953307],
- [0.,               0.,           0.,             1.]

##Fra magnus

R_imu_c1:
 [[ 0.020546   -0.0290658   0.99936632]
 [ 0.99968778 -0.01361963 -0.02094873]
 [ 0.01421989  0.99948471  0.0287769 ]]
t_imu_c1:
 [[ 4.60052947]
 [ 0.59373312]
 [-1.10329173]]

 T_ic1: 
- [ 0.020546,   -0.0290658,   0.99936632, 4.60052947]
- [ 0.99968778,   -0.01361963, -0.02094873,  0.59373312]
- [ 0.01421989,   0.99948471,  0.0287769, -1.10329173 ]
- [0,             0,          0,          1]


### VENSTRE KAMERA TIL IMU
T_ci:  (imu0 to cam0): 
[[ 0.02276124  0.99973152  0.00433684  1.4953422 ]
 [-0.02095116 -0.00386001  0.99977305  1.218363  ]
 [ 0.99952137 -0.02284693  0.02085768 -4.61017324]
 [ 0.          0.          0.          1.        ]]

T_ic:  (cam0 to imu0): 
[[ 0.02276124 -0.02095116  0.99952137  4.59945697]
 [ 0.99973152 -0.00386001 -0.02284693 -1.59556616]
 [ 0.00433684  0.99977305  0.02085768 -1.12841402]
 [ 0.          0.          0.          1.        ]]


#Fra magnus for venstre kamera
T_imu_cam0_good:
- [ 0.02257687, -0.02096096,  0.99952535, 4.59125417]
- [ 0.99973106, -0.00482648, -0.02268273, -1.58793779]
- [ 0.00529965,  0.99976864,  0.02084636, -1.13317963]
- [0.,           0.,          0.,          1]

R_imu_cam0_good:
- [ 0.02257687, -0.02096096,  0.99952535]
- [ 0.99973106, -0.00482648, -0.02268273]
- [ 0.00529965,  0.99976864,  0.02084636]]

t_imu_cam0_good:
[[ 4.59125417]
 [-1.58793779]
 [-1.13317963]]


### STEREO OPPSETT, 

T_c1_c0 (transformation from c1 to c0):
[0.9999541229553899, -0.008801347274171999, 0.003779982893268892, -2.1799966582220645]
[0.008779127333546535, 0.9999443200932054, 0.005855223018416888, -0.019032971304856802]
[-0.003831306275326528, -0.005821769446950643, 0.9999757137514531, 0.03947187033306851]
[0.0,                     0.0,                  0.0,                  1.0]

T_c0_c1 (transform from c0 to c1):
[  0.999954123,   0.00877912733,  -0.00383130628, 2.18021497],
[ -0.00880134727,   0.99994432,  -0.00582176945, 0.000074800034],
[  0.00377998289,   0.00585522302,   0.999975714, -0.0311191193],
[  0.,              0.,               0.,           1.]


#fra magnus
T_c1_c0:
[ 0.99995815, -0.00897527,  0.00177198, -2.18145199]
[ 0.00896096,  0.99992846,  0.00792367, -0.01915676]
[-0.00184297, -0.00790746,  0.99996704, 0.0395923]
[0,             0,            0,          1]

