cam0:
  cam_overlaps: [1]
  camera_model: pinhole
  distortion_coeffs: [-0.01969905315788309, 0.04020928462395202, 0.0006500180914938501,
    -0.0013774891532644838]
  distortion_model: radtan
  intrinsics: [729.5912337491325, 729.0351016114323, 610.7713415275776, 517.5333741128068]
  resolution: [1224, 1024]
  rostopic: /camera_array/fp_f/image_raw
cam1:
  T_cn_cnm1:
  - [0.9999541229553899, -0.008801347274171999, 0.003779982893268892, -2.1799966582220645]
  - [0.008779127333546535, 0.9999443200932054, 0.005855223018416888, -0.019032971304856802]
  - [-0.003831306275326528, -0.005821769446950643, 0.9999757137514531, 0.03947187033306851]
  - [0.0, 0.0, 0.0, 1.0]
  cam_overlaps: [0]
  camera_model: pinhole
  distortion_coeffs: [-0.027250138158649198, 0.0546152116831276, 0.0013076913175077162,
    -0.001130807792347905]
  distortion_model: radtan
  intrinsics: [729.9649256943252, 729.0802354024222, 610.4310371976422, 519.374112427505]
  resolution: [1224, 1024]
  rostopic: /camera_array/fs_f/image_raw
